[   9.52898244   -6.18484084   -0.68023374   25.89637317    3.39451094
  -22.72296706   28.01358642  -14.76930386    0.43918067  -23.01562015
   -0.76656758   17.00564298   26.93771835   -4.84499946  -13.22389548
  -45.57935576  -31.928417    -61.56045924    8.4347825    90.48232323
   -3.8851437   -32.53220645   68.2616369    61.10745801    2.82798424
  -13.71553494  -28.40922131    1.49556224  -26.15992191  108.37315716
   44.55560639   -9.08272377   10.09445842   -1.73294295 -133.0074161
  249.37498639   53.49912579 -115.01910302   -0.42207221   -3.25532175
   -3.45842576  129.32273135    1.27742225   -2.63444985   -4.81808379
  -23.2243076     0.64970862    0.2882963    55.3068749 ]




[ -26.14665994    1.49480405  -28.39481904    2.82655058   61.07647914
   68.22703116    8.43050642  -61.52925071  -31.91223065   26.92406207
   16.99702184   -0.76617896  108.31821659  -13.70858175   90.43645255
   -4.84254326  -32.51571401   -3.8831741   -45.55624897  -13.21719153]



[-63.7887   -34.3173   -47.1111   -32.0358    -3.35783   91.4085    16.9276
  -2.85303  -22.5749   -23.2433     6.73071   25.0009    65.228      9.93192
  27.7778    27.7761   -13.6748    -0.618019  -4.35066  -15.1615  ]